//todo
mpiexec -n 4 ./a2 4 1 -g
Size    Processes
                1               2               3               4
size:100        0.000067        0.000053        0.000034        0.000027
size:1000       0.002029        0.002621        0.001916        0.001469
size:10000      0.236957        0.288796        0.273322        0.297866
size:20000      0.831593        1.122716        1.146997        1.181510

Size    Processes
                1               2               3               4
100             0.000077        0.000073        0.000089        0.000035
1000            0.004920        0.006349        0.003171        0.002913
10000           0.409765        0.584821        0.429247        0.307035
20000           1.793286        2.348905        1.329334        1.118211

Size    Processes
                1               2               3               4
100             0.000116        0.000129        0.000190        0.000094
1000            0.007818        0.008882        0.006184        0.014161
10000           0.483669        0.740780        0.519738        0.591534
20000           2.614527        3.131777        2.001032        1.760071
