
All times are in seconds

-----------------------------------
Hardware used
-----------------------------------
    CPU: i7 4790k @ 4.30 GHz
-----------------------------------

-------------- ray.c --------------
Threads		1	   
Scale
   1        0.083   
   2        0.336
   4        1.321
   8        5.346
   16       21.058
   32       59.511

-------------- data.c --------------
Threads		1	    2	    4       8       16      32	
Scale
   1        0.085   0.044   0.031   0.023   0.019   0.018  
   2        0.333   0.172   0.138   0.083   0.080   0.069
   4        1.336   0.681   0.538   0.332   0.280   0.257
   8        5.465   2.711   1.998   1.406   1.120   1.052
   16       21.865  10.982  8.108   5.448   4.462   4.183
   32       63.651  32.371  21.050  14.272  12.512  11.959

-------------- task.c --------------
Threads		1	    2	    4       8       12      16	
Scale
   1        
   2
   4
   8
   16
   32